maskeditLUT:rgb
255 7 3
255 15 7
255 23 11
255 31 15
255 39 19
255 47 23
255 55 27
255 63 31
255 71 35
255 79 39
255 87 43
255 95 47
255 103 51
255 111 55
255 119 59
255 127 63
255 135 67
255 143 71
255 151 75
255 159 79
255 167 83
255 175 87
255 183 91
255 191 95
255 199 99
255 207 103
255 215 107
255 223 111
255 231 115
255 239 119
255 247 123
255 255 127
255 255 131
255 255 135
255 255 139
255 255 143
255 255 147
255 255 151
255 255 155
255 255 159
255 255 163
255 255 167
255 255 171
255 255 175
255 255 179
255 255 183
255 255 187
255 255 191
255 255 195
255 255 199
255 255 203
255 255 207
255 255 211
255 255 215
255 255 219
255 255 223
255 255 227
255 255 231
255 255 235
255 255 239
255 255 243
255 255 247
255 255 251
255 255 255
252 255 255
248 255 255
244 255 255
240 255 255
236 255 255
232 255 255
228 255 255
224 255 255
220 255 255
216 255 255
212 255 255
208 255 255
204 255 255
200 255 255
196 255 255
192 255 255
188 255 255
184 255 255
180 255 255
176 255 255
172 255 255
168 255 255
164 255 255
160 255 255
156 255 255
152 255 255
148 255 255
144 255 255
140 255 255
136 255 255
132 255 255
128 255 255
124 248 255
120 240 255
116 232 255
112 224 255
108 216 255
104 208 255
100 200 255
96 192 255
92 184 255
88 176 255
84 168 255
80 160 255
76 152 255
72 144 255
68 136 255
64 128 255
60 120 255
56 112 255
52 104 255
48 96 255
44 88 255
40 80 255
36 72 255
32 64 255
28 56 255
24 48 255
20 40 255
16 32 255
12 24 255
8 16 255
4 8 255
0 0 255
0 0 255
4 8 255
8 16 255
12 24 255
16 32 255
20 40 255
24 48 255
28 56 255
32 64 255
36 72 255
40 80 255
44 88 255
48 96 255
52 104 255
56 112 255
60 120 255
64 128 255
68 136 255
72 144 255
76 152 255
80 160 255
84 168 255
88 176 255
92 184 255
96 192 255
100 200 255
104 208 255
108 216 255
112 224 255
116 232 255
120 240 255
124 248 255
128 255 255
132 255 255
136 255 255
140 255 255
144 255 255
148 255 255
152 255 255
156 255 255
160 255 255
164 255 255
168 255 255
172 255 255
176 255 255
180 255 255
184 255 255
188 255 255
192 255 255
196 255 255
200 255 255
204 255 255
208 255 255
212 255 255
216 255 255
220 255 255
224 255 255
228 255 255
232 255 255
236 255 255
240 255 255
244 255 255
248 255 255
252 255 255
255 255 255
255 255 251
255 255 247
255 255 243
255 255 239
255 255 235
255 255 231
255 255 227
255 255 223
255 255 219
255 255 215
255 255 211
255 255 207
255 255 203
255 255 199
255 255 195
255 255 191
255 255 187
255 255 183
255 255 179
255 255 175
255 255 171
255 255 167
255 255 163
255 255 159
255 255 155
255 255 151
255 255 147
255 255 143
255 255 139
255 255 135
255 255 131
255 255 127
255 247 123
255 239 119
255 231 115
255 223 111
255 215 107
255 207 103
255 199 99
255 191 95
255 183 91
255 175 87
255 167 83
255 159 79
255 151 75
255 143 71
255 135 67
255 127 63
255 119 59
255 111 55
255 103 51
255 95 47
255 87 43
255 79 39
255 71 35
255 63 31
255 55 27
255 47 23
255 39 19
255 31 15
255 23 11
255 15 7
255 3 2
