colormap9:rgb
255 0 51
255 0 72
255 0 98
255 0 123
255 0 145
255 0 170
255 0 191
255 0 217
255 0 243
247 0 255
221 0 255
196 0 255
174 0 255
149 0 255
128 0 255
102 0 255
76 0 255
55 0 255
29 0 255
4 0 255
0 17 255
0 42 255
0 64 255
0 89 255
0 115 255
0 136 255
0 162 255
0 187 255
0 209 255
0 234 255
0 255 255
0 255 230
0 255 204
0 255 183
0 255 157
0 255 132
0 255 110
0 255 85
0 255 64
0 255 38
0 255 12
8 255 0
34 255 0
59 255 0
81 255 0
106 255 0
128 255 0
153 255 0
179 255 0
200 255 0
226 255 0
251 255 0
255 238 0
255 213 0
255 191 0
255 166 0
255 140 0
255 119 0
255 93 0
255 68 0
255 46 0
255 21 0
255 0 0
255 0 25
255 0 51
255 0 72
255 0 98
255 0 123
255 0 145
255 0 170
255 0 191
255 0 217
255 0 243
247 0 255
221 0 255
196 0 255
174 0 255
149 0 255
128 0 255
102 0 255
76 0 255
55 0 255
29 0 255
4 0 255
0 17 255
0 42 255
0 64 255
0 89 255
0 115 255
0 136 255
0 162 255
0 187 255
0 209 255
0 234 255
0 255 255
0 255 230
0 255 204
0 255 183
0 255 157
0 255 132
0 255 110
0 255 85
0 255 64
0 255 38
0 255 12
8 255 0
34 255 0
59 255 0
81 255 0
106 255 0
128 255 0
153 255 0
179 255 0
200 255 0
226 255 0
251 255 0
255 238 0
255 213 0
255 191 0
255 166 0
255 140 0
255 119 0
255 93 0
255 68 0
255 46 0
255 21 0
255 0 0
255 0 25
255 0 51
255 0 72
255 0 98
255 0 123
255 0 145
255 0 170
255 0 191
255 0 217
255 0 243
247 0 255
221 0 255
196 0 255
174 0 255
149 0 255
128 0 255
102 0 255
76 0 255
55 0 255
29 0 255
4 0 255
0 17 255
0 42 255
0 64 255
0 89 255
0 115 255
0 136 255
0 162 255
0 187 255
0 209 255
0 234 255
0 255 255
0 255 230
0 255 204
0 255 183
0 255 157
0 255 132
0 255 110
0 255 85
0 255 64
0 255 38
0 255 12
8 255 0
34 255 0
59 255 0
81 255 0
106 255 0
128 255 0
153 255 0
179 255 0
200 255 0
226 255 0
251 255 0
255 238 0
255 213 0
255 191 0
255 166 0
255 140 0
255 119 0
255 93 0
255 68 0
255 46 0
255 21 0
255 0 0
255 0 25
255 0 51
255 0 72
255 0 98
255 0 123
255 0 145
255 0 170
255 0 191
255 0 217
255 0 243
247 0 255
221 0 255
196 0 255
174 0 255
149 0 255
128 0 255
102 0 255
76 0 255
55 0 255
29 0 255
4 0 255
0 17 255
0 42 255
0 64 255
0 89 255
0 115 255
0 136 255
0 162 255
0 187 255
0 209 255
0 234 255
0 255 255
0 255 230
0 255 204
0 255 183
0 255 157
0 255 132
0 255 110
0 255 85
0 255 64
0 255 38
0 255 12
8 255 0
34 255 0
59 255 0
81 255 0
106 255 0
128 255 0
153 255 0
179 255 0
200 255 0
226 255 0
251 255 0
255 238 0
255 213 0
255 191 0
255 166 0
255 140 0
255 119 0
255 93 0
255 68 0
255 46 0
255 35 0
255 21 0
255 0 0

