colormap10:rgb
0 0 0
215 173 4
179 9 222
143 100 186
234 64 150
70 156 242
34 248 206
124 84 170
90 175 134
52 138 96
144 103 189
237 194 153
201 30 245
161 121 80
255 213 173
90 50 136
55 13 228
146 232 63
237 198 155
74 31 246
38 125 83
129 216 46
221 179 9
186 15 102
22 235 194
240 69 158
203 34 121
168 125 85
132 90 176
224 182 13
58 18 232
151 237 66
115 73 158
78 166 252
43 129 215
134 221 51
97 57 15
61 20 106
153 111 70
245 76 34
209 39 254
171 2 89
8 223 180
100 187 145
191 21 236
155 241 72
120 77 163
211 42 255
175 3 92
10 97 183
228 60 145
194 25 238
157 116 203
250 81 39
84 172 129
49 136 93
13 227 185
233 191 149
196 155 241
32 246 204
252 82 169
215 45 133
179 138 224
142 228 59
107 64 152
71 157 116
34 120 79
125 84 43
218 48 6
181 12 98
145 103 191
108 68 26
72 30 117
35 122 81
255 215 46
91 51 136
56 14 100
19 106 193
110 197 156
75 33 247
166 126 83
130 89 174
221 180 140
185 145 102
21 108 66
241 70 30
204 163 123
41 255 213
4 92 177
225 54 14
188 18 105
150 238 68
244 75 159
207 166 125
44 1 87
134 93 179
98 57 142
190 20 107
25 112 199
117 205 163
80 39 126
173 4 219
9 222 182
100 186 17
64 150 237
156 242 201
248 206 38
84 170 0
175 134 92
138 96 183
103 189 20
194 153 239
30 245 204
121 80 167
213 173 3
50 136 93
13 228 186
232 63 149
198 155 241
31 246 78
125 83 170
216 46 135
179 9 225
15 102 189
235 194 24
69 158 116
34 121 79
125 85 44
90 176 134
182 13 227
18 232 191
237 66 26
73 158 117
166 252 209
129 215 45
221 51 138
57 15 229
20 106 64
111 70 157
76 34 248
39 254 83
2 89 47
223 180 12
187 145 104
21 236 66
241 72 31
77 163 250
42 255 86
3 92 50
97 183 142
60 145 234
25 238 198
116 203 33
81 39 252
172 129 216
136 93 52
227 185 142
191 149 108
155 241 200
246 204 35
82 169 255
45 133 219
138 224 54
228 59 19
64 152 238
157 116 73
120 79 38
84 43 130
48 6 92
12 98 184
103 191 20
68 26 240
30 117 204
122 81 167
215 46 131
51 136 94
14 100 60
106 193 150
197 156 114
33 247 77
126 83 42
89 174 133
180 140 226
145 102 189
108 66 154
70 30 243
163 123 81
255 213 171
92 177 135
54 14 229
18 105 63
238 68 27
75 159 119
166 125 211
1 87 46
93 179 139
57 142 102
20 107 65
112 199 158
205 163 121
39 126 212
4 219 48
222 182 12
186 17 231
150 237 68
242 201 32
206 38 251
170 0 88
134 92 52
96 183 142
189 20 234
153 239 198
245 204 162
80 167 255
173 3 89
136 93 181
228 186 145
63 149 109
155 241 71
246 78 36
83 170 0
46 135 92
9 225 182
102 189 147
194 24 238
158 116 74
121 79 38
85 44 2
176 134 94
13 227 57
232 191 21
66 26 240
158 117 204
252 209 40
215 45 5
51 138 224
15 229 60
106 64 23
70 157 242
34 248 79
254 83 170
89 47 135
180 12 98
145 104 189
236 66 153
72 31 245
163 250 80
255 86 45
92 50 137
183 142 101
145 234 193
238 198 27
203 33 120
39 252 84
129 216 48
93 52 139
