colormap1:rgb
0 0 255
1 3 255
3 5 255
4 8 255
5 11 255
7 13 255
8 16 255
9 19 255
11 21 255
12 24 255
13 27 255
15 29 255
16 32 255
17 35 255
19 37 255
20 40 255
21 43 255
23 45 255
24 48 255
25 51 255
27 53 255
28 56 255
29 59 255
31 61 255
32 64 255
33 66 255
35 69 255
36 72 255
37 74 255
39 77 255
40 80 255
41 82 255
43 85 255
44 88 255
45 90 255
47 93 255
48 96 255
49 98 255
51 101 255
52 104 255
53 106 255
55 109 255
56 112 255
57 114 255
59 117 255
60 120 255
61 122 255
63 125 255
64 128 255
65 130 255
66 133 255
68 136 255
69 138 255
70 141 255
72 144 255
73 146 255
74 149 255
76 152 255
77 154 255
78 157 255
80 160 255
81 162 255
82 165 255
84 168 255
85 170 255
86 173 255
88 176 255
89 178 255
90 181 255
92 184 255
93 186 255
94 189 255
96 191 255
97 194 255
98 197 255
100 199 255
101 202 255
102 205 255
104 207 255
105 210 255
106 213 255
108 215 255
109 218 255
110 221 255
112 223 255
113 226 255
114 229 255
116 231 255
117 234 255
118 237 255
120 239 255
121 242 255
122 245 255
124 247 255
125 250 255
126 255 255
129 255 255
133 255 255
137 255 255
141 255 255
145 255 255
149 255 255
153 255 255
157 255 255
161 255 255
165 255 255
169 255 255
172 255 255
176 255 255
180 255 255
184 255 255
188 255 255
192 255 255
196 255 255
200 255 255
204 255 255
208 255 255
212 255 255
215 255 255
219 255 255
223 255 255
227 255 255
231 255 255
235 255 255
239 255 255
243 255 255
247 255 255
251 255 255
255 255 251
255 255 247
255 255 243
255 255 239
255 255 235
255 255 231
255 255 227
255 255 223
255 255 219
255 255 215
255 255 212
255 255 208
255 255 204
255 255 200
255 255 196
255 255 192
255 255 188
255 255 184
255 255 180
255 255 176
255 255 172
255 255 169
255 255 165
255 255 161
255 255 157
255 255 153
255 255 149
255 255 145
255 255 141
255 255 137
255 255 133
255 255 129
255 255 126
255 250 125
255 247 124
255 245 122
255 242 121
255 239 120
255 237 118
255 234 117
255 231 116
255 229 114
255 226 113
255 223 112
255 221 110
255 218 109
255 215 108
255 213 106
255 210 105
255 207 104
255 205 102
255 202 101
255 199 100
255 197 98
255 194 97
255 191 96
255 189 94
255 186 93
255 184 92
255 181 90
255 178 89
255 176 88
255 173 86
255 170 85
255 168 84
255 165 82
255 162 81
255 160 80
255 157 78
255 154 77
255 152 76
255 149 74
255 146 73
255 144 72
255 141 70
255 138 69
255 136 68
255 133 66
255 130 65
255 128 64
255 125 63
255 122 61
255 120 60
255 117 59
255 114 57
255 112 56
255 109 55
255 106 53
255 104 52
255 101 51
255 98 49
255 96 48
255 93 47
255 90 45
255 88 44
255 85 43
255 82 41
255 80 40
255 77 39
255 74 37
255 72 36
255 69 35
255 66 33
255 64 32
255 61 31
255 59 29
255 56 28
255 53 27
255 51 25
255 48 24
255 45 23
255 43 21
255 40 20
255 37 19
255 35 17
255 32 16
255 29 15
255 27 13
255 24 12
255 21 11
255 19 9
255 16 8
255 13 7
255 11 5
255 8 4
255 5 3
255 3 1
255 0 0