standard_zmp:rgb
0 0 0
252 255 255
250 255 255
248 255 255
246 255 255
244 255 255
242 255 255
240 255 255
238 255 255
236 255 255
234 255 255
232 255 255
230 255 255
228 255 255
226 255 255
224 255 255
222 255 255
220 255 255
218 255 255
216 255 255
214 255 255
212 255 255
210 255 255
208 255 255
206 255 255
204 255 255
202 255 255
200 255 255
198 255 255
196 255 255
194 255 255
192 255 255
190 255 255
188 255 255
186 255 255
184 255 255
182 255 255
180 255 255
178 255 255
176 255 255
174 255 255
172 255 255
170 255 255
168 255 255
166 255 255
164 255 255
162 255 255
160 255 255
158 255 255
156 255 255
154 255 255
152 255 255
150 255 255
148 255 255
146 255 255
144 255 255
142 255 255
140 255 255
138 255 255
136 255 255
134 255 255
132 255 255
130 255 255
128 255 255
126 252 255
124 248 255
122 244 255
120 240 255
118 236 255
116 232 255
114 228 255
112 224 255
110 220 255
108 216 255
106 212 255
104 208 255
102 204 255
100 200 255
98 196 255
96 192 255
94 188 255
92 184 255
90 180 255
88 176 255
86 172 255
84 168 255
82 164 255
80 160 255
78 156 255
76 152 255
74 148 255
72 144 255
70 140 255
68 136 255
66 132 255
64 128 255
62 124 255
60 120 255
58 116 255
56 112 255
54 108 255
52 104 255
50 100 255
48 96 255
46 92 255
44 88 255
42 84 255
40 80 255
38 76 255
36 72 255
34 68 255
32 64 255
30 60 255
28 56 255
26 52 255
24 48 255
22 44 255
20 40 255
18 36 255
16 32 255
14 28 255
12 24 255
10 20 255
8 16 255
6 12 255
4 8 255
2 4 255
0 0 255
255 0 0
255 4 2
255 8 4
255 12 6
255 16 8
255 20 10
255 24 12
255 28 14
255 32 16
255 36 18
255 40 20
255 44 22
255 48 24
255 52 26
255 56 28
255 60 30
255 64 32
255 68 34
255 72 36
255 76 38
255 80 40
255 84 42
255 88 44
255 92 46
255 96 48
255 100 50
255 104 52
255 108 54
255 112 56
255 116 58
255 120 60
255 124 62
255 128 64
255 132 66
255 136 68
255 140 70
255 144 72
255 148 74
255 152 76
255 156 78
255 160 80
255 164 82
255 168 84
255 172 86
255 176 88
255 180 90
255 184 92
255 188 94
255 192 96
255 196 98
255 200 100
255 204 102
255 208 104
255 212 106
255 216 108
255 220 110
255 224 112
255 228 114
255 232 116
255 236 118
255 240 120
255 244 122
255 248 124
255 252 126
255 255 128
255 255 130
255 255 132
255 255 134
255 255 136
255 255 138
255 255 140
255 255 142
255 255 144
255 255 146
255 255 148
255 255 150
255 255 152
255 255 154
255 255 156
255 255 158
255 255 160
255 255 162
255 255 164
255 255 166
255 255 168
255 255 170
255 255 172
255 255 174
255 255 176
255 255 178
255 255 180
255 255 182
255 255 184
255 255 186
255 255 188
255 255 190
255 255 192
255 255 194
255 255 196
255 255 198
255 255 200
255 255 202
255 255 204
255 255 206
255 255 208
255 255 210
255 255 212
255 255 214
255 255 216
255 255 218
255 255 220
255 255 222
255 255 224
255 255 226
255 255 228
255 255 230
255 255 232
255 255 234
255 255 236
255 255 238
255 255 240
255 255 242
255 255 244
255 255 246
255 255 248
255 255 250
255 255 252
255 255 254
